Ns,B,U,mu,AFMbindrat,AFMbindrat_std
236  50.000  0.100  0.000  6.051594156911e-01  4.060154102177e-04
236  50.000  0.200  0.000  6.599552488909e-01  8.195398232683e-04
236  50.000  0.300  0.000  6.849434986989e-01  3.985146901653e-03
236  50.000  0.400  0.000  6.966217588228e-01  1.153530289958e-03
236  50.000  0.500  0.000  7.067292784572e-01  9.651762302729e-04
236  50.000  0.600  0.000  7.158519880845e-01  1.142204947420e-03
236  50.000  0.700  0.000  7.217742405227e-01  1.754895868523e-03
236  50.000  0.800  0.000  7.312260257431e-01  1.373648537493e-03
506  50.000  0.100  0.000  6.123134984826e-01  1.080874269635e-03
506  50.000  0.200  0.000  7.460560370481e-01  4.230314918807e-03
506  50.000  0.300  0.000  7.623759260722e-01  5.246548820076e-03
506  50.000  0.400  0.000  7.807520251305e-01  3.723679057480e-03
506  50.000  0.500  0.000  7.871567224420e-01  2.406947433649e-03
506  50.000  0.600  0.000  7.925849407571e-01  1.367566327938e-03
506  50.000  0.700  0.000  8.027347199226e-01  3.319214183558e-03
506  50.000  0.800  0.000  8.026676298513e-01  5.252728725104e-03
746  50.000  0.100  0.000  6.171139796228e-01  1.075958672996e-03
746  50.000  0.200  0.000  7.737991050783e-01  2.637461482745e-03
746  50.000  0.300  0.000  7.915215203536e-01  1.435169806166e-03
746  50.000  0.400  0.000  8.017206028468e-01  1.589322156035e-03
746  50.000  0.500  0.000  8.087649093454e-01  1.490731958398e-03
746  50.000  0.600  0.000  8.180198133241e-01  2.076665361267e-03
746  50.000  0.700  0.000  8.230175914323e-01  1.261686256973e-03
746  50.000  0.800  0.000  8.301826440520e-01  2.518210565426e-03
