Ns,B,U,mu,AFMsf_re,AFMsf_restd,AFMsf_im,AFMsf_imstd
86 50.000 0.100 0.000 1.790747400675e-02 6.005695629034e-05 2.171587893380e-22 5.713501454280e-22
86 50.000 0.200 0.000 2.212275654705e-02 1.430016623720e-04 6.299261258359e-22 1.254836165707e-21
86 50.000 0.300 0.000 2.409797042336e-02 9.383685072320e-05 8.309491598563e-22 3.171735647738e-21
86 50.000 0.400 0.000 2.522444482519e-02 5.503872689819e-05 -1.393940070128e-21 1.200218263358e-21
86 50.000 0.500 0.000 2.662834855909e-02 1.010979389184e-04 -3.451185101122e-21 3.381480377108e-21
86 50.000 0.600 0.000 2.778386291860e-02 9.455817348957e-05 -1.579325880683e-21 1.208173241691e-21
86 50.000 0.700 0.000 2.913080700131e-02 7.610684979432e-05 3.496847876515e-21 1.373991392053e-21
86 50.000 0.800 0.000 3.043173949173e-02 7.601267579189e-05 9.666105212388e-22 2.066112330944e-21
236 50.000 0.100 0.000 5.491470398461e-03 1.488589219546e-05 -3.844546133497e-22 2.091621847954e-22
236 50.000 0.200 0.000 8.026357158796e-03 5.745992454580e-05 -1.213370661207e-21 7.218586644760e-22
236 50.000 0.300 0.000 9.219003306591e-03 1.001626509086e-04 -2.749932085690e-21 2.448559015134e-21
236 50.000 0.400 0.000 1.001918571088e-02 3.290615465320e-05 -1.123217594932e-21 1.068699202526e-21
236 50.000 0.500 0.000 1.076578490644e-02 2.860947614961e-05 1.682448446405e-21 1.266271925787e-21
236 50.000 0.600 0.000 1.160349162428e-02 3.313704807715e-05 -5.195442026705e-21 5.019609634470e-21
236 50.000 0.700 0.000 1.235330506036e-02 6.202818574267e-05 -2.165655642554e-21 1.441309992422e-21
236 50.000 0.800 0.000 1.329799546461e-02 3.544191603128e-05 6.002123740539e-22 1.463931540503e-21
506 50.000 0.100 0.000 3.055588593022e-03 1.408896723488e-05 -4.325630455490e-22 1.665869401104e-22
506 50.000 0.200 0.000 6.299604113956e-03 4.988830321138e-05 -4.074978205300e-22 6.061765686079e-22
506 50.000 0.300 0.000 7.049290491076e-03 6.022499660005e-05 -1.159641811662e-21 4.125299806765e-21
506 50.000 0.400 0.000 7.712881702748e-03 5.743288506693e-05 1.142645950240e-21 1.656858518825e-21
506 50.000 0.500 0.000 8.304783302591e-03 2.125446673949e-05 1.852510847100e-21 7.540086745562e-22
506 50.000 0.600 0.000 8.894765441920e-03 2.513720484896e-05 -8.646941391954e-22 2.208981676624e-21
506 50.000 0.700 0.000 9.564996081088e-03 6.817869891382e-05 -1.254984063821e-21 1.556533006453e-21
506 50.000 0.800 0.000 1.015621517281e-02 6.248206616685e-05 -6.281187088916e-21 5.588103599864e-21
746 50.000 0.100 0.000 2.243810036824e-03 1.431995290154e-05 -3.828419836471e-22 1.592841240279e-22
746 50.000 0.200 0.000 5.121454625338e-03 2.717647603926e-05 -1.123834605441e-22 6.882242950402e-22
746 50.000 0.300 0.000 5.781443640649e-03 2.354831783768e-05 -6.390948972749e-22 7.717174289175e-22
746 50.000 0.400 0.000 6.304240590559e-03 1.400936223485e-05 7.471690830393e-23 8.610743630099e-22
746 50.000 0.500 0.000 6.770131024430e-03 2.208546157192e-05 1.337093346167e-21 1.543789522495e-21
746 50.000 0.600 0.000 7.308769721761e-03 2.813020736174e-05 1.375498144417e-21 1.732330450526e-21
746 50.000 0.700 0.000 7.839040597962e-03 1.836128727914e-05 -1.237221456589e-22 1.465206987851e-21
746 50.000 0.800 0.000 8.504602617658e-03 1.168974252108e-05 1.861858393587e-21 2.176169787737e-21
