Ns,T,U,mu,AFMbindrat,AFMbindrat_std
1800  1.000  2.317  0.000  9.903674139987e-01  4.712643541454e-05
1800  1.200  2.317  0.000  9.876088183014e-01  4.639011752359e-05
1800  1.400  2.317  0.000  9.846276684665e-01  6.792041996607e-05
1800  1.600  2.317  0.000  9.815830525054e-01  1.912100507009e-05
1800  1.800  2.317  0.000  9.784928044020e-01  1.203558461310e-04
1800  2.000  2.317  0.000  9.753761249521e-01  1.198968050693e-04
1800  2.200  2.317  0.000  9.721862025988e-01  7.738669882737e-05
1800  2.400  2.317  0.000  9.691554070797e-01  5.051392587773e-05
1800  2.600  2.317  0.000  9.662353060040e-01  2.317477027582e-04
1800  2.800  2.317  0.000  9.631871498605e-01  2.062357963321e-04
1800  3.000  2.317  0.000  9.600111193129e-01  1.281465133306e-04
1800  3.200  2.317  0.000  9.571707710162e-01  2.791834395922e-04
1800  3.400  2.317  0.000  9.544624231334e-01  4.563549490346e-04
1152  0.100  2.317  0.000  9.995730514084e-01  2.836431642563e-07
1152  0.300  2.317  0.000  9.975961593237e-01  4.971271503305e-06
1152  0.500  2.317  0.000  9.947715675327e-01  1.860727295453e-05
1152  0.700  2.317  0.000  9.912633692987e-01  3.324979311265e-05
1152  0.900  2.317  0.000  9.874573991078e-01  4.398933596830e-05
1152  1.100  2.317  0.000  9.831906129866e-01  9.395459326119e-05
1152  1.300  2.317  0.000  9.787328174369e-01  1.398941065027e-04
1152  1.500  2.317  0.000  9.740372591355e-01  8.076122802861e-05
1152  1.700  2.317  0.000  9.695737173832e-01  2.359928261601e-04
1152  1.900  2.317  0.000  9.647577589763e-01  2.344671936718e-04
648  0.100  2.317  0.000  9.992402474800e-01  3.198562866400e-07
648  0.300  2.317  0.000  9.957497166387e-01  4.388254061309e-06
648  0.500  2.317  0.000  9.907867397964e-01  2.554487955285e-05
648  0.700  2.317  0.000  9.848238330528e-01  8.371925582512e-05
648  0.900  2.317  0.000  9.780842237650e-01  2.447561316965e-05
648  1.100  2.317  0.000  9.710585975851e-01  4.259368610321e-05
648  1.300  2.317  0.000  9.639814130594e-01  2.520191116108e-04
648  1.500  2.317  0.000  9.565755259076e-01  1.162365848465e-04
648  1.700  2.317  0.000  9.491373950429e-01  2.078167680414e-04
648  1.900  2.317  0.000  9.408564908988e-01  4.307334550293e-04
288  0.500  2.317  0.000  9.805351224727e-01  4.004021108283e-05
288  0.700  2.317  0.000  9.681527751679e-01  4.238022257308e-05
288  0.900  2.317  0.000  9.549209974680e-01  8.431862181412e-05
288  1.100  2.317  0.000  9.409983839768e-01  3.031554386470e-04
288  1.300  2.317  0.000  9.276201734063e-01  2.345426274629e-04
288  1.500  2.317  0.000  9.141429342447e-01  2.659506783322e-04
288  1.700  2.317  0.000  9.018514391221e-01  7.476515432183e-04
288  1.900  2.317  0.000  8.898454878028e-01  5.720641165073e-04
200  0.500  2.317  0.000  9.725117518639e-01  8.999406808069e-05
200  0.700  2.317  0.000  9.557146313642e-01  1.114645117672e-04
200  0.900  2.317  0.000  9.379720909677e-01  2.933739022404e-04
200  1.100  2.317  0.000  9.203881650885e-01  3.502251099625e-04
200  1.300  2.317  0.000  9.030017570336e-01  3.033988579967e-04
200  1.500  2.317  0.000  8.868444108006e-01  3.937583206869e-04
200  1.700  2.317  0.000  8.713398372126e-01  4.448915509549e-04
200  1.900  2.317  0.000  8.571893848007e-01  7.946907829475e-04
1152  1.000  2.317  0.000  9.841733840767e-01  4.129604464583e-05
1152  2.000  2.317  0.000  9.625530199417e-01  1.890810909669e-04
1152  3.000  2.317  0.000  9.392596289142e-01  2.804051007958e-04
1152  4.000  2.317  0.000  9.203041623891e-01  3.111743460040e-04
1152  5.000  2.317  0.000  9.023740396316e-01  4.098669510442e-04
1152  6.000  2.317  0.000  8.872350113710e-01  3.993817989601e-04
1152  7.000  2.317  0.000  8.713890481706e-01  4.174474267949e-04
1152  8.000  2.317  0.000  8.595933880671e-01  1.311678061937e-03
1152  9.000  2.317  0.000  8.460011465921e-01  7.184689952673e-04
1152  10.000  2.317  0.000  8.356405857881e-01  1.016277018298e-03
1152  11.000  2.317  0.000  8.236606048179e-01  6.584109010552e-04
1152  12.000  2.317  0.000  8.126160352226e-01  1.423937845551e-03
1152  13.000  2.317  0.000  8.020524168648e-01  1.233368775776e-03
1152  14.000  2.317  0.000  7.936327552412e-01  2.662824044334e-03
1152  15.000  2.317  0.000  7.845533003766e-01  1.472994335083e-03
1152  16.000  2.317  0.000  7.780746585386e-01  2.031613360579e-03
1152  17.000  2.317  0.000  7.667770608429e-01  2.464808871582e-03
1152  18.000  2.317  0.000  7.629188786635e-01  2.263765132264e-03
1152  19.000  2.317  0.000  7.514681810262e-01  2.338176066348e-03
1152  20.000  2.317  0.000  7.506459747159e-01  2.291725024435e-03
1152  21.000  2.317  0.000  7.393388110517e-01  4.135952864811e-03
1152  22.000  2.317  0.000  7.400814937413e-01  2.491594742378e-03
1152  23.000  2.317  0.000  7.272613561316e-01  6.886063037653e-03
1152  24.000  2.317  0.000  7.267211623558e-01  7.205396905015e-03
1152  25.000  2.317  0.000  7.173928425065e-01  6.610494131649e-03
648  1.000  2.317  0.000  9.728601967994e-01  4.219288280592e-05
648  2.000  2.317  0.000  9.379887445517e-01  1.944400631010e-04
648  3.000  2.317  0.000  9.037709362641e-01  2.417924739969e-04
648  4.000  2.317  0.000  8.779584531868e-01  4.073628221488e-04
648  5.000  2.317  0.000  8.531824830751e-01  5.538339782217e-04
648  6.000  2.317  0.000  8.348412517364e-01  7.974040752877e-04
648  7.000  2.317  0.000  8.179707188871e-01  8.870668969602e-04
648  8.000  2.317  0.000  8.041185166136e-01  8.896065125882e-04
648  9.000  2.317  0.000  7.892413322852e-01  1.082353729559e-03
648  10.000  2.317  0.000  7.806886448382e-01  7.070706513347e-04
648  11.000  2.317  0.000  7.682563269236e-01  8.808345960968e-04
648  12.000  2.317  0.000  7.589967165310e-01  8.557804685832e-04
648  13.000  2.317  0.000  7.524467650339e-01  1.214957379569e-03
648  14.000  2.317  0.000  7.465164883212e-01  1.326360665826e-03
648  15.000  2.317  0.000  7.355343799892e-01  1.331700119197e-03
648  16.000  2.317  0.000  7.305600994892e-01  1.770675696911e-03
648  17.000  2.317  0.000  7.234130242359e-01  1.013750585230e-03
648  18.000  2.317  0.000  7.179630969435e-01  2.126665944994e-03
648  19.000  2.317  0.000  7.148898461752e-01  1.868400616903e-03
648  20.000  2.317  0.000  7.111010207801e-01  1.948228142521e-03
648  21.000  2.317  0.000  7.083266543333e-01  2.880700612501e-03
648  22.000  2.317  0.000  7.033198113573e-01  1.467702980083e-03
648  23.000  2.317  0.000  6.935649934635e-01  3.255245121660e-03
648  24.000  2.317  0.000  6.952148586058e-01  1.395192991283e-03
648  25.000  2.317  0.000  6.922378177409e-01  4.005087099192e-03
288  1.000  2.317  0.000  9.481072585557e-01  1.116346537652e-04
288  2.000  2.317  0.000  8.843440075229e-01  2.606861277132e-04
288  3.000  2.317  0.000  8.352670384800e-01  9.277391664009e-04
288  4.000  2.317  0.000  8.012943675496e-01  6.393366343475e-04
288  5.000  2.317  0.000  7.760517524584e-01  7.083813227575e-04
288  6.000  2.317  0.000  7.563348717944e-01  7.947658693814e-04
288  7.000  2.317  0.000  7.414578189936e-01  8.280805001622e-04
288  8.000  2.317  0.000  7.300305862477e-01  4.991001578565e-04
288  9.000  2.317  0.000  7.197147589292e-01  1.111522669099e-03
288  10.000  2.317  0.000  7.115080184196e-01  1.190400323177e-03
288  11.000  2.317  0.000  7.009060153267e-01  1.024892309797e-03
288  12.000  2.317  0.000  7.016054322695e-01  2.659667417111e-03
288  13.000  2.317  0.000  6.928192776293e-01  1.969025948056e-03
288  14.000  2.317  0.000  6.859154555360e-01  4.218454605539e-03
288  15.000  2.317  0.000  6.818269631688e-01  2.078791530056e-03
288  16.000  2.317  0.000  6.809202543741e-01  4.021916660552e-03
288  17.000  2.317  0.000  6.798255305968e-01  3.246709929342e-03
288  18.000  2.317  0.000  6.784306940768e-01  1.138946574525e-03
288  19.000  2.317  0.000  6.745246803767e-01  8.722437140545e-03
288  20.000  2.317  0.000  6.718770785266e-01  1.281929016995e-02
200  1.000  2.317  0.000  9.286974769452e-01  1.624487524625e-04
200  2.000  2.317  0.000  8.501310107871e-01  3.208010437158e-04
200  3.000  2.317  0.000  7.995390777618e-01  5.060889441632e-04
200  4.000  2.317  0.000  7.664961202512e-01  8.873699622342e-04
200  5.000  2.317  0.000  7.437449465495e-01  1.264971875494e-03
200  6.000  2.317  0.000  7.277852400993e-01  1.331827174709e-03
200  7.000  2.317  0.000  7.161777632682e-01  1.133924186369e-03
200  8.000  2.317  0.000  7.084891430868e-01  1.248796343541e-03
200  9.000  2.317  0.000  6.986064514500e-01  1.116331204716e-03
200  10.000  2.317  0.000  6.938028968416e-01  6.730616555003e-04
200  11.000  2.317  0.000  6.871097015982e-01  3.485044435596e-03
200  12.000  2.317  0.000  6.847395430380e-01  8.703983522792e-04
200  13.000  2.317  0.000  6.818223652619e-01  4.092122175238e-03
200  14.000  2.317  0.000  6.759111968903e-01  4.249336883288e-03
200  15.000  2.317  0.000  6.761159323232e-01  1.635552383861e-03
200  16.000  2.317  0.000  6.715621634610e-01  2.768173724564e-03
200  17.000  2.317  0.000  6.732748162186e-01  5.362754574048e-03
200  18.000  2.317  0.000  6.723209740267e-01  1.277865539722e-03
200  19.000  2.317  0.000  6.704843986968e-01  3.564014279177e-03
200  20.000  2.317  0.000  6.602463154072e-01  3.817565066377e-03
