Ns,B,U,mu,AFMsf_re,AFMsf_restd,AFMsf_im,AFMsf_imstd
200 50.000 1.400 0.000 7.802433375314e-03 1.178264531633e-05 -5.613432226975e-16 4.845766380894e-16
200 50.000 1.600 0.000 8.654950992195e-03 1.915643465306e-05 -1.552744675397e-16 5.409443776358e-16
200 50.000 1.800 0.000 9.909919929803e-03 2.660582037437e-05 -3.930370474137e-17 8.527846413416e-16
200 50.000 2.000 0.000 1.152466409136e-02 6.129965981410e-05 -1.180571274826e-16 1.196288430456e-15
200 50.000 2.200 0.000 1.378667065362e-02 7.074110071330e-05 -2.320516115542e-16 1.376399342250e-15
200 50.000 2.400 0.000 1.700067362661e-02 1.020184958313e-04 -1.166776007677e-13 1.444927789987e-15
200 50.000 2.600 0.000 2.105892950754e-02 1.039371505271e-04 -3.303114279660e-15 1.319711993377e-15
200 50.000 2.800 0.000 2.582933078665e-02 2.228859609165e-04 1.424080099377e-15 2.742425868190e-15
200 50.000 3.000 0.000 3.129842921126e-02 4.688590073783e-04 3.711199073272e-15 1.779916628939e-15
288 50.000 1.400 0.000 5.342264105824e-03 4.705362111603e-06 1.000415923132e-16 2.864199562177e-16
288 50.000 1.600 0.000 5.942921855687e-03 1.045486532538e-05 2.209808016056e-16 3.386607706000e-16
288 50.000 1.800 0.000 6.791335496604e-03 2.672801128492e-05 -2.537671034721e-14 5.397699728179e-16
288 50.000 2.000 0.000 8.033910232792e-03 5.157791493292e-05 5.607650433016e-14 6.021918823223e-16
288 50.000 2.200 0.000 9.969750425325e-03 5.210972590197e-05 1.139012466691e-15 6.544768467958e-16
288 50.000 2.400 0.000 1.325115373579e-02 1.540727082062e-04 -1.706616240842e-16 1.203638544611e-15
288 50.000 2.600 0.000 1.707069245889e-02 1.227232206057e-04 -1.525603574518e-14 8.496776715125e-16
288 50.000 2.800 0.000 2.188861323126e-02 9.827499664804e-05 -8.701057703913e-16 1.079575028717e-15
288 50.000 3.000 0.000 2.745152610324e-02 2.905222713345e-04 -2.550388479650e-15 2.377922631172e-15
648 50.000 1.400 0.000 2.403189780796e-03 2.212324137226e-06 -1.607487642784e-16 2.176930068006e-16
648 50.000 1.600 0.000 2.684048891345e-03 5.961193136134e-06 -2.927163063641e-16 1.610525001877e-16
648 50.000 1.800 0.000 3.091374352308e-03 7.417310801307e-06 -2.623470841193e-14 2.152303455754e-16
648 50.000 2.000 0.000 3.773775943217e-03 1.413954123453e-05 5.801634541045e-14 4.662612267217e-16
648 50.000 2.200 0.000 5.069688524119e-03 2.067994529203e-05 -3.954492671575e-16 3.765699322660e-16
648 50.000 2.400 0.000 7.422100919684e-03 5.177096270569e-05 1.450716975340e-15 8.117632365289e-16
648 50.000 2.600 0.000 1.149373572511e-02 1.134077576631e-04 -2.573544474372e-14 1.224988738869e-15
648 50.000 2.800 0.000 1.595395222754e-02 9.448476806455e-05 -1.665386448971e-15 1.593552449856e-15
648 50.000 3.000 0.000 2.082749528247e-02 1.165223798369e-04 -3.019226455779e-15 2.337634043454e-15
1152 50.000 1.400 0.000 1.354322874129e-03 1.302063826264e-06 5.806793384131e-17 7.301426257168e-17
1152 50.000 1.600 0.000 1.532575237323e-03 1.127201690563e-05 -4.951397685877e-15 1.226565611078e-16
1152 50.000 1.800 0.000 1.760696808712e-03 4.597417493812e-06 -8.149389744324e-18 1.349909253165e-16
1152 50.000 2.000 0.000 2.154502061367e-03 6.631179092889e-06 -5.525211923264e-14 1.340637293218e-16
1152 50.000 2.200 0.000 3.026041703119e-03 3.414069018652e-05 3.762213711886e-16 2.674695824312e-16
1152 50.000 2.400 0.000 5.041469951815e-03 3.354556231983e-05 -1.181343796743e-13 9.415059884201e-16
1152 50.000 2.600 0.000 9.023991225129e-03 1.432693491077e-04 -2.044925666820e-13 4.602794915317e-15
1152 50.000 2.800 0.000 1.343445062948e-02 9.943391493263e-05 -2.872696208904e-13 2.206666898028e-15
1152 50.000 3.000 0.000 1.805776840472e-02 1.426810667136e-04 7.300384942076e-16 1.574937174176e-15
1152 50.000 2.300 0.000 3.695509513233e-03 2.661000684729e-05 -8.922721757899e-14 7.605640130158e-16
1152 50.000 2.320 0.000 3.944525346268e-03 2.984863120573e-05 1.565299114136e-16 3.958618529747e-16
648 50.000 2.300 0.000 6.016387857392e-03 5.701243318122e-05 -8.189794541770e-14 7.286513462949e-16
648 50.000 2.320 0.000 6.327162550774e-03 5.502028569268e-05 3.616640601251e-16 4.188412045262e-16
288 50.000 2.300 0.000 1.125762403782e-02 7.846932788954e-05 1.378864061869e-15 5.482372136934e-16
288 50.000 2.320 0.000 1.165602745099e-02 6.022393105390e-05 -5.745650912261e-16 9.776116143151e-16
200 50.000 2.300 0.000 1.537625189550e-02 1.596334282046e-04 -1.171559941116e-16 7.249116249371e-16
200 50.000 2.320 0.000 1.554754963264e-02 6.817227464196e-05 2.074100501051e-15 1.177590195632e-15
