Ns,B,U,mu,AFMbindrat,AFMbindrat_std
200  50.000  1.400  0.000  6.047250958957e-01  1.579196874004e-04
200  50.000  1.600  0.000  6.082819415954e-01  1.377015928014e-04
200  50.000  1.800  0.000  6.153395525491e-01  5.758249342860e-04
200  50.000  2.000  0.000  6.255147562906e-01  6.920319248603e-04
200  50.000  2.200  0.000  6.428544888730e-01  1.069282299044e-03
200  50.000  2.400  0.000  6.712732730381e-01  1.348638854853e-03
200  50.000  2.600  0.000  6.957207637021e-01  7.555647945965e-03
200  50.000  2.800  0.000  7.372418630823e-01  4.896104131131e-03
200  50.000  3.000  0.000  7.712475941970e-01  9.186382475280e-03
288  50.000  1.400  0.000  6.030133088190e-01  6.417219237234e-05
288  50.000  1.600  0.000  6.053784678194e-01  1.658955275493e-04
288  50.000  1.800  0.000  6.104205277555e-01  7.505765965959e-04
288  50.000  2.000  0.000  6.194752314482e-01  6.343336134555e-04
288  50.000  2.200  0.000  6.385672393807e-01  1.838048189365e-03
288  50.000  2.400  0.000  6.755174719803e-01  3.672038089295e-03
288  50.000  2.600  0.000  7.182453696611e-01  2.327055529058e-03
288  50.000  2.800  0.000  7.579275033571e-01  1.885767536700e-03
288  50.000  3.000  0.000  7.974679086761e-01  3.278178538771e-03
648  50.000  1.400  0.000  6.015761089213e-01  6.325956483955e-05
648  50.000  1.600  0.000  6.029571872631e-01  1.125920358821e-04
648  50.000  1.800  0.000  6.060119402121e-01  1.217615179641e-04
648  50.000  2.000  0.000  6.135085737907e-01  7.159132612186e-04
648  50.000  2.200  0.000  6.344850031795e-01  1.283811807943e-03
648  50.000  2.400  0.000  6.820483346542e-01  1.591011082427e-03
648  50.000  2.600  0.000  7.629798981351e-01  3.364329955982e-03
648  50.000  2.800  0.000  8.147101380877e-01  2.973606561998e-03
648  50.000  3.000  0.000  8.475528331664e-01  4.573678850298e-03
1152  50.000  1.400  0.000  6.009750500794e-01  2.572053305869e-05
1152  50.000  1.600  0.000  6.018218564422e-01  1.938385999654e-04
1152  50.000  1.800  0.000  6.037713177886e-01  1.307692080431e-04
1152  50.000  2.000  0.000  6.085132544274e-01  5.594520474150e-04
1152  50.000  2.200  0.000  6.285236986208e-01  1.158114646997e-03
1152  50.000  2.400  0.000  6.898779068971e-01  3.041529167789e-03
1152  50.000  2.600  0.000  7.901536069097e-01  5.314039107191e-03
1152  50.000  2.800  0.000  8.545743218486e-01  3.433679596212e-03
1152  50.000  3.000  0.000  8.858988221360e-01  6.050925363698e-03
1152  50.000  2.300  0.000  6.502889774164e-01  8.986989236329e-04
648  50.000  2.300  0.000  6.533577585141e-01  1.716574550959e-03
288  50.000  2.300  0.000  6.528914823139e-01  1.695120775429e-03
200  50.000  2.300  0.000  6.559420117073e-01  1.613450577688e-03
