Ns,T,U,mu,AFMsf_re,AFMsf_restd,AFMsf_im,AFMsf_imstd
1800 1.000 2.317 0.000 6.963869324973e-02 1.134768782257e-05 -2.793428719040e-19 6.397186130290e-19
1800 1.200 2.317 0.000 5.755239141571e-02 7.695063710801e-05 -7.787114022433e-19 3.826822022737e-19
1800 1.400 2.317 0.000 4.889488822259e-02 1.236380066104e-04 6.020451522466e-19 1.552444946653e-19
1800 1.600 2.317 0.000 4.245794196804e-02 4.121814177692e-05 -1.878223434874e-19 1.926264001039e-19
1800 1.800 2.317 0.000 3.770331300606e-02 6.616588121138e-05 -3.618025977110e-19 3.194531495605e-19
1800 2.000 2.317 0.000 3.368375364839e-02 8.998183232903e-05 -3.799180655366e-19 2.675640078804e-19
1800 2.200 2.317 0.000 3.068927705978e-02 3.945972594435e-05 4.915065131568e-20 2.135224048178e-19
1800 2.400 2.317 0.000 2.793204976088e-02 3.799004937518e-05 -1.327979890645e-19 2.565001097704e-19
1800 2.600 2.317 0.000 2.604448719892e-02 7.868202254717e-05 -1.861092936937e-19 1.045693561782e-19
1800 2.800 2.317 0.000 2.414632954838e-02 2.434185311170e-05 -1.917027912583e-19 1.550967913565e-19
1800 3.000 2.317 0.000 2.273006950728e-02 6.618674928854e-05 -5.510536477434e-20 1.527136796130e-19
1800 3.200 2.317 0.000 2.132901768873e-02 4.591550246801e-05 1.861218561868e-19 3.537932998301e-20
1800 3.400 2.317 0.000 2.021945395413e-02 9.892100995157e-05 5.788217331081e-20 2.542666302118e-19
1152 0.100 2.317 0.000 2.970833586326e-01 1.375938573939e-05 5.148799259667e-18 4.385070640930e-18
1152 0.300 2.317 0.000 1.968610247311e-01 1.005872926755e-04 -1.979393174295e-18 2.716369595371e-18
1152 0.500 2.317 0.000 1.355396749115e-01 1.536653477363e-04 6.810364157480e-19 1.225363793962e-18
1152 0.700 2.317 0.000 1.001017390071e-01 6.949801356160e-05 -1.161452588639e-18 1.558193134370e-18
1152 0.900 2.317 0.000 7.800691949899e-02 1.955637661742e-04 1.308382242501e-18 6.991190395677e-19
1152 1.100 2.317 0.000 6.347538027039e-02 4.824199747103e-05 6.747808920340e-19 8.803113566781e-19
1152 1.300 2.317 0.000 5.342941609835e-02 7.621487593031e-05 8.891965823619e-19 5.637065738004e-19
1152 1.500 2.317 0.000 4.584655331413e-02 1.768397321458e-04 -6.691925897404e-19 3.563666278219e-19
1152 1.700 2.317 0.000 4.016227391798e-02 1.708408218006e-04 -1.677744180196e-20 3.249640710525e-19
1152 1.900 2.317 0.000 3.602350611743e-02 1.055908954661e-04 4.080229454815e-19 1.639048228851e-19
648 0.100 2.317 0.000 2.975946281146e-01 1.536191626321e-05 -3.070447085352e-18 1.924589465520e-18
648 0.300 2.317 0.000 1.975642511947e-01 6.046206850727e-05 -2.116774042212e-18 1.720544746225e-18
648 0.500 2.317 0.000 1.362051833684e-01 6.003502368499e-05 -1.201278070678e-18 2.669371717111e-18
648 0.700 2.317 0.000 1.009394386018e-01 1.221477787688e-04 -3.016125725062e-19 7.855426568765e-19
648 0.900 2.317 0.000 7.883853841957e-02 1.701916689895e-04 1.374358606461e-19 3.666876276898e-19
648 1.100 2.317 0.000 6.427306013216e-02 1.556433591761e-04 -1.056214352990e-18 3.646415408117e-19
648 1.300 2.317 0.000 5.426313939170e-02 1.377627551075e-04 -4.802698173950e-19 5.397984741555e-19
648 1.500 2.317 0.000 4.687113179172e-02 6.513507320640e-05 2.881104740468e-19 2.699884036601e-19
648 1.700 2.317 0.000 4.144220189605e-02 7.248699880489e-05 1.647352958805e-19 7.127668961470e-20
648 1.900 2.317 0.000 3.677229601847e-02 1.213128344906e-04 -2.536785762266e-19 1.267538091849e-19
288 0.500 2.317 0.000 1.406094601303e-01 1.637773218858e-04 -3.765335728793e-19 2.968830870345e-19
288 0.700 2.317 0.000 1.042500856166e-01 8.251009703638e-05 3.162070605673e-19 2.126059344163e-19
288 0.900 2.317 0.000 8.207607916375e-02 1.454163604943e-04 2.605313285411e-22 9.854180150401e-20
288 1.100 2.317 0.000 6.751712864202e-02 9.482541156985e-05 -1.340741669933e-19 1.815962680083e-19
288 1.300 2.317 0.000 5.723456667731e-02 7.038636586540e-05 -3.500826475631e-20 1.289090056088e-19
288 1.500 2.317 0.000 4.985648693399e-02 1.548918734991e-04 8.157641205646e-20 7.892877730820e-20
288 1.700 2.317 0.000 4.437482273930e-02 1.428258659421e-04 4.633843975832e-20 5.014214208035e-20
288 1.900 2.317 0.000 4.022750346243e-02 7.673838319851e-05 -2.135608413599e-20 5.251229894452e-20
200 0.500 2.317 0.000 1.414334098492e-01 2.460991775067e-04 1.498606332378e-19 2.914897746221e-19
200 0.700 2.317 0.000 1.055650959031e-01 1.418800089913e-04 5.141513017386e-19 1.399251173094e-19
200 0.900 2.317 0.000 8.375930113537e-02 2.549920717322e-04 2.709857396698e-20 2.466778208628e-19
200 1.100 2.317 0.000 6.907771313380e-02 1.959364153826e-04 -6.644307995477e-20 1.658948640101e-19
200 1.300 2.317 0.000 5.888934546863e-02 2.059457747280e-04 -1.281963963544e-19 7.253655732705e-20
200 1.500 2.317 0.000 5.158930831081e-02 2.123355586741e-04 -4.186624567336e-20 6.847630803884e-20
200 1.700 2.317 0.000 4.622628888266e-02 5.151178944743e-05 3.863926052720e-20 6.933376279297e-20
200 1.900 2.317 0.000 4.175074613157e-02 6.150183521636e-05 8.177624896175e-20 5.702095473889e-20
1152 1.000 2.317 0.000 6.620007304299e-02 6.779781423081e-05 1.564597076169e-19 3.339994223493e-19
1152 2.000 2.317 0.000 3.387757776373e-02 5.767218133424e-05 1.208428466450e-19 1.070603729871e-19
1152 3.000 2.317 0.000 2.275509015171e-02 5.674320020668e-05 -1.563775569538e-20 3.678493951140e-20
1152 4.000 2.317 0.000 1.785657910316e-02 4.876486494629e-05 1.707211090121e-20 9.969975291546e-20
1152 5.000 2.317 0.000 1.486036386938e-02 5.173785042131e-05 -2.728821319679e-20 6.784222644499e-20
1152 6.000 2.317 0.000 1.309076597687e-02 7.126333421831e-05 4.379476953085e-20 4.191010059425e-20
1152 7.000 2.317 0.000 1.163184593546e-02 7.055676658423e-05 -1.387568972423e-20 2.724058373445e-20
1152 8.000 2.317 0.000 1.061860658706e-02 7.086727484099e-05 7.371665627869e-20 3.911836667783e-20
1152 9.000 2.317 0.000 9.710175387468e-03 5.512686326623e-05 3.406582499596e-20 3.304678188152e-20
1152 10.000 2.317 0.000 9.115139971757e-03 5.302179267450e-05 4.065057995609e-22 2.752930693653e-20
1152 11.000 2.317 0.000 8.584626111763e-03 4.188872916888e-05 2.992147090220e-20 3.473789285955e-20
1152 12.000 2.317 0.000 8.024884509291e-03 3.461313915043e-05 -1.121271116758e-20 4.299775340378e-20
1152 13.000 2.317 0.000 7.597135074759e-03 4.706159196818e-05 3.236976816307e-20 2.920899449256e-20
1152 14.000 2.317 0.000 7.283950996605e-03 4.403661352217e-05 -1.191862744785e-20 2.548790548965e-20
1152 15.000 2.317 0.000 7.032681375756e-03 3.735063019004e-05 -1.503351445318e-20 1.601395456625e-20
1152 16.000 2.317 0.000 6.817230954037e-03 6.220006725440e-05 -1.969292713240e-21 1.862289148466e-20
1152 17.000 2.317 0.000 6.510704246546e-03 6.423161021897e-05 -1.394358562845e-20 1.615326427552e-20
1152 18.000 2.317 0.000 6.354903751299e-03 9.071841338986e-05 -6.496384871038e-21 1.757102445355e-20
1152 19.000 2.317 0.000 6.051682617638e-03 6.587566220034e-05 -5.922752235600e-21 2.381261260916e-20
1152 20.000 2.317 0.000 5.909695333619e-03 4.011924280816e-05 1.704835415247e-20 1.195944213051e-20
1152 21.000 2.317 0.000 5.741862191602e-03 5.085912426347e-05 -1.034436506076e-20 1.261688831087e-20
1152 22.000 2.317 0.000 5.639335516971e-03 9.102493902294e-05 2.864147393270e-20 1.946858115830e-20
1152 23.000 2.317 0.000 5.569341596615e-03 1.615737608794e-04 1.339590844401e-20 1.487968613816e-20
1152 24.000 2.317 0.000 5.251222591767e-03 1.602010801761e-04 1.876089942503e-20 2.000194807473e-20
1152 25.000 2.317 0.000 5.175067743033e-03 1.181632556685e-04 3.886118269446e-20 3.874071794369e-20
648 1.000 2.317 0.000 6.709383729850e-02 7.632592191125e-05 -6.087520108726e-20 2.290995391883e-19
648 2.000 2.317 0.000 3.496068729434e-02 5.472770964674e-05 -4.698935909810e-20 6.625513168913e-20
648 3.000 2.317 0.000 2.385942927914e-02 4.484928928394e-05 3.436846262971e-20 6.167452822067e-20
648 4.000 2.317 0.000 1.904582583587e-02 5.697786499678e-05 5.545703448402e-21 3.294046858994e-20
648 5.000 2.317 0.000 1.601457858047e-02 5.518072052860e-05 5.598719611940e-20 1.531765313212e-20
648 6.000 2.317 0.000 1.422908382336e-02 6.305616431253e-05 5.843959896217e-20 2.148104597836e-20
648 7.000 2.317 0.000 1.288922966260e-02 5.788035428541e-05 6.496129920070e-21 2.233091263490e-20
648 8.000 2.317 0.000 1.203501234597e-02 4.272172450074e-05 -5.355314200397e-21 1.178627342216e-20
648 9.000 2.317 0.000 1.110328870126e-02 2.989208838332e-05 -1.560675800445e-21 1.195776794676e-20
648 10.000 2.317 0.000 1.056535180067e-02 3.429480364954e-05 4.221523861437e-21 9.686219947191e-21
648 11.000 2.317 0.000 1.008648828204e-02 4.885889734896e-05 -9.497294502895e-21 1.239434329742e-20
648 12.000 2.317 0.000 9.680896843071e-03 4.283884335607e-05 -1.725597778364e-20 1.891396783806e-20
648 13.000 2.317 0.000 9.368174002668e-03 5.097751637885e-05 -8.397780541138e-21 1.560721521378e-20
648 14.000 2.317 0.000 9.110393085258e-03 4.549345585833e-05 -3.019094507625e-20 1.178949734849e-20
648 15.000 2.317 0.000 8.688352745587e-03 3.785160266981e-05 -1.805872185736e-20 1.433774478600e-20
648 16.000 2.317 0.000 8.460584134826e-03 6.900347204517e-05 -1.468166586437e-20 1.212344500645e-20
648 17.000 2.317 0.000 8.283627813930e-03 6.460638766633e-05 4.010460136995e-22 1.188751929166e-20
648 18.000 2.317 0.000 8.098449487465e-03 6.747197570272e-05 -1.208931068854e-20 1.299551030202e-20
648 19.000 2.317 0.000 7.902534150636e-03 7.706483691706e-05 -1.109256567715e-21 1.253476387799e-20
648 20.000 2.317 0.000 7.858208807034e-03 4.814380837363e-05 9.153095703999e-21 1.064233982614e-20
648 21.000 2.317 0.000 7.725007694731e-03 5.353711125520e-05 -1.097497886071e-20 1.202801421050e-20
648 22.000 2.317 0.000 7.509491846007e-03 5.929422417621e-05 -1.758205372254e-20 1.590381290886e-20
648 23.000 2.317 0.000 7.352202755080e-03 6.713363711512e-05 6.771407447502e-21 1.354893342049e-20
648 24.000 2.317 0.000 7.366468557123e-03 1.374691093428e-04 8.531025560517e-22 5.983597189675e-21
648 25.000 2.317 0.000 7.200661323528e-03 7.474328169876e-05 1.262996231402e-21 4.809197257129e-21
288 1.000 2.317 0.000 7.404068198436e-02 7.313760348091e-05 8.110818667368e-20 1.417474928606e-19
288 2.000 2.317 0.000 3.826485670405e-02 1.000251611535e-04 1.234960642787e-20 4.173341831815e-20
288 3.000 2.317 0.000 2.732457097123e-02 1.231721199705e-04 3.359660461459e-20 3.285350922348e-20
288 4.000 2.317 0.000 2.242506336545e-02 8.164388186914e-05 2.926431657970e-20 2.482083106214e-20
288 5.000 2.317 0.000 1.978532622905e-02 7.136915364293e-05 -2.896772893335e-21 2.072679437639e-20
288 6.000 2.317 0.000 1.793300532708e-02 5.979079913500e-05 2.927161365791e-20 1.572907708749e-20
288 7.000 2.317 0.000 1.679627121197e-02 5.360934658582e-05 2.327945557530e-20 1.115906060365e-20
288 8.000 2.317 0.000 1.588048497927e-02 6.855618569272e-05 -8.717418646297e-21 1.569892660590e-20
288 9.000 2.317 0.000 1.522082475791e-02 5.489018961592e-05 5.509724796852e-21 1.225830018182e-20
288 10.000 2.317 0.000 1.463903359527e-02 1.043652574944e-04 -4.772974018541e-21 9.854259831725e-21
288 11.000 2.317 0.000 1.418529903051e-02 8.344421344266e-05 3.597521611026e-20 1.168365761628e-20
288 12.000 2.317 0.000 1.386750433772e-02 8.356744149336e-05 9.703491493866e-21 9.047371064285e-21
288 13.000 2.317 0.000 1.346432812064e-02 5.326602654466e-05 -2.086623737534e-22 1.498048308794e-20
288 14.000 2.317 0.000 1.335544538919e-02 8.537561818064e-05 1.716433903393e-20 7.647347540918e-21
288 15.000 2.317 0.000 1.304979045289e-02 6.065565260703e-05 -9.603989355347e-21 9.050545871426e-21
288 16.000 2.317 0.000 1.290739982913e-02 7.618155565730e-05 7.049983815746e-21 7.435788016459e-21
288 17.000 2.317 0.000 1.282387229831e-02 8.542218538577e-05 3.224977370416e-21 8.504447648488e-21
288 18.000 2.317 0.000 1.292317310747e-02 1.246234590277e-04 -1.712403708062e-21 8.031704718118e-21
288 19.000 2.317 0.000 1.252921377831e-02 3.667745436836e-05 -1.232501512359e-20 9.782374395982e-21
288 20.000 2.317 0.000 1.225649513252e-02 7.629016371059e-05 -1.476244155879e-20 5.816162645031e-21
200 1.000 2.317 0.000 7.537776964739e-02 8.479933647167e-05 1.923548518693e-19 6.517695869467e-20
200 2.000 2.317 0.000 4.004786197339e-02 1.370291008279e-04 3.359120250239e-20 4.540947196663e-20
200 3.000 2.317 0.000 2.975970244062e-02 7.506580395184e-05 7.002260821108e-21 2.258317719713e-20
200 4.000 2.317 0.000 2.508286331922e-02 6.006402425358e-05 -1.848955068272e-20 1.465182743877e-20
200 5.000 2.317 0.000 2.263413389152e-02 9.816458134887e-05 2.032723685424e-20 1.511903554225e-20
200 6.000 2.317 0.000 2.102792073491e-02 1.059325547764e-04 -3.783016378444e-20 1.668147056139e-20
200 7.000 2.317 0.000 1.993917997119e-02 1.125249554330e-04 1.749484026258e-20 1.704252522284e-20
200 8.000 2.317 0.000 1.917837303414e-02 8.494256695727e-05 2.141469457481e-20 1.065670862839e-20
200 9.000 2.317 0.000 1.846423399821e-02 7.132355987117e-05 6.302842867562e-21 9.670585277461e-21
200 10.000 2.317 0.000 1.809049923822e-02 5.882168926137e-05 -5.011500076784e-21 8.046810129133e-21
200 11.000 2.317 0.000 1.777918306112e-02 1.168829085667e-04 -1.773747362344e-20 1.315629724183e-20
200 12.000 2.317 0.000 1.719119597545e-02 1.321707678165e-04 -2.994207918448e-20 1.002061777737e-20
200 13.000 2.317 0.000 1.714731966522e-02 8.867079260906e-05 7.006239160649e-21 6.617859413656e-21
200 14.000 2.317 0.000 1.690261695821e-02 1.673136673362e-04 2.639418371193e-21 1.487567493882e-20
200 15.000 2.317 0.000 1.679137424656e-02 1.607641060487e-04 -1.616818683822e-20 1.035029149223e-20
200 16.000 2.317 0.000 1.628865293392e-02 9.239591111347e-05 -5.677114247939e-21 9.989582909374e-21
200 17.000 2.317 0.000 1.672661691175e-02 6.921679618839e-05 -4.020129411908e-21 1.475910408864e-20
200 18.000 2.317 0.000 1.627235384880e-02 9.188478861067e-05 -1.227701858085e-20 7.758670659963e-21
200 19.000 2.317 0.000 1.615109139296e-02 1.646496443490e-04 -8.805773720352e-21 6.537978000207e-21
200 20.000 2.317 0.000 1.602667556202e-02 1.706674024766e-04 8.936792717126e-21 1.444967149643e-20
