288 16 1.0000 0.8600 5.994348e-01 3.754599e-04 1.10e+00
288 16 1.0000 0.8620 6.063146e-01 3.621873e-04 1.05e+00
288 16 1.0000 0.8640 6.111737e-01 3.169176e-04 1.00e+00
288 16 1.0000 0.8660 6.166982e-01 2.844679e-04 1.10e+00
288 16 1.0000 0.8670 6.187103e-01 1.721089e-04 1.23e+00
288 16 1.0000 0.8676 6.200494e-01 1.565136e-04 1.00e+00
288 16 1.0000 0.8680 6.211671e-01 2.632716e-04 1.00e+00
288 16 1.0000 0.8700 6.256281e-01 2.360870e-04 1.00e+00
288 16 1.0000 0.8720 6.298412e-01 2.072369e-04 1.00e+00
288 16 1.0000 0.8740 6.329234e-01 1.961539e-04 1.00e+00
288 16 1.0000 0.8760 6.362118e-01 1.797281e-04 1.07e+00
288 16 1.0000 0.8780 6.388563e-01 1.521889e-04 1.00e+00
288 16 1.0000 0.8800 6.414979e-01 1.584299e-04 1.11e+00
648 26 1.0000 0.8600 5.789958e-01 5.074921e-04 1.04e+00
648 26 1.0000 0.8620 5.917577e-01 4.280733e-04 1.00e+00
648 26 1.0000 0.8640 6.025651e-01 3.800116e-04 1.00e+00
648 26 1.0000 0.8660 6.126084e-01 3.405276e-04 1.08e+00
648 26 1.0000 0.8670 6.172072e-01 2.499334e-04 1.00e+00
648 26 1.0000 0.8676 6.196572e-01 2.347890e-04 1.06e+00
648 26 1.0000 0.8680 6.220397e-01 2.612340e-04 1.00e+00
648 26 1.0000 0.8700 6.292886e-01 2.379680e-04 1.00e+00
648 26 1.0000 0.8720 6.355543e-01 2.023029e-04 1.27e+00
648 26 1.0000 0.8740 6.405057e-01 1.632544e-04 1.02e+00
648 26 1.0000 0.8760 6.447540e-01 1.363034e-04 1.12e+00
648 26 1.0000 0.8780 6.478318e-01 1.132618e-04 1.17e+00
648 26 1.0000 0.8800 6.506747e-01 9.819642e-05 1.05e+00
1152 34 1.0000 0.8600 5.659350e-01 5.964390e-04 1.06e+00
1152 34 1.0000 0.8620 5.834725e-01 5.258627e-04 1.12e+00
1152 34 1.0000 0.8640 5.985488e-01 4.141648e-04 1.19e+00
1152 34 1.0000 0.8660 6.128863e-01 3.167152e-04 1.02e+00
1152 34 1.0000 0.8670 6.193710e-01 3.505363e-04 1.02e+00
1152 34 1.0000 0.8676 6.224745e-01 2.241333e-04 1.02e+00
1152 34 1.0000 0.8680 6.244875e-01 2.881078e-04 1.46e+00
1152 34 1.0000 0.8700 6.338613e-01 2.134532e-04 1.00e+00
1152 34 1.0000 0.8720 6.407510e-01 1.656200e-04 1.00e+00
1152 34 1.0000 0.8740 6.462877e-01 1.256501e-04 1.40e+00
1152 34 1.0000 0.8760 6.501930e-01 1.019614e-04 1.00e+00
1152 34 1.0000 0.8780 6.533648e-01 9.889002e-05 1.03e+00
1152 34 1.0000 0.8800 6.556890e-01 7.451423e-05 1.18e+00
1800 42 1.0000 0.8600 5.400184e-01 7.778277e-04 1.27e+00
1800 42 1.0000 0.8620 5.617244e-01 6.539926e-04 1.04e+00
1800 42 1.0000 0.8640 5.847944e-01 5.449952e-04 1.15e+00
1800 42 1.0000 0.8660 6.060048e-01 4.011462e-04 1.06e+00
1800 42 1.0000 0.8670 6.158498e-01 4.056278e-04 1.02e+00
1800 42 1.0000 0.8676 6.203638e-01 2.491099e-04 1.00e+00
1800 42 1.0000 0.8680 6.236633e-01 2.911588e-04 1.00e+00
1800 42 1.0000 0.8700 6.361103e-01 1.927120e-04 1.00e+00
1800 42 1.0000 0.8720 6.448860e-01 1.361372e-04 1.00e+00
1800 42 1.0000 0.8740 6.506765e-01 1.020585e-04 1.00e+00
1800 42 1.0000 0.8760 6.544183e-01 7.827971e-05 1.19e+00
1800 42 1.0000 0.8780 6.570083e-01 8.984640e-05 1.00e+00
1800 42 1.0000 0.8800 6.589878e-01 6.559104e-05 1.08e+00
2592 50 1.0000 0.8600 5.211513e-01 4.291973e-04 1.00e+00
2592 50 1.0000 0.8620 5.466496e-01 4.705266e-04 1.04e+00
2592 50 1.0000 0.8640 5.750837e-01 3.623568e-04 1.01e+00
2592 50 1.0000 0.8660 6.027930e-01 2.930444e-04 1.06e+00
2592 50 1.0000 0.8670 6.140657e-01 2.708067e-04 1.00e+00
2592 50 1.0000 0.8676 6.210674e-01 2.600944e-04 1.02e+00
2592 50 1.0000 0.8680 6.241630e-01 1.949129e-04 1.00e+00
2592 50 1.0000 0.8700 6.391968e-01 1.241192e-04 1.00e+00
2592 50 1.0000 0.8720 6.483959e-01 8.742763e-05 1.12e+00
2592 50 1.0000 0.8740 6.539716e-01 5.824905e-05 1.02e+00
2592 50 1.0000 0.8760 6.573364e-01 4.313182e-05 1.00e+00
2592 50 1.0000 0.8780 6.595330e-01 3.191737e-05 1.00e+00
2592 50 1.0000 0.8800 6.610513e-01 2.480308e-05 1.00e+00
