288 16 1.0000 0.8600 5.450265e-02 1.112737e-04 1.00e+00
288 16 1.0000 0.8620 5.840837e-02 1.088522e-04 1.00e+00
288 16 1.0000 0.8640 6.228874e-02 1.136108e-04 1.14e+00
288 16 1.0000 0.8660 6.629747e-02 1.097816e-04 1.05e+00
288 16 1.0000 0.8670 6.834528e-02 6.516248e-05 1.10e+00
288 16 1.0000 0.8676 6.960857e-02 6.914189e-05 1.06e+00
288 16 1.0000 0.8680 7.033620e-02 1.114303e-04 1.00e+00
288 16 1.0000 0.8700 7.464574e-02 1.114318e-04 1.03e+00
288 16 1.0000 0.8720 7.896251e-02 1.115704e-04 1.00e+00
288 16 1.0000 0.8740 8.348132e-02 1.112298e-04 1.00e+00
288 16 1.0000 0.8760 8.752506e-02 1.116179e-04 1.04e+00
288 16 1.0000 0.8780 9.182375e-02 1.058522e-04 1.00e+00
288 16 1.0000 0.8800 9.632109e-02 1.047261e-04 1.00e+00
648 26 1.0000 0.8600 2.800445e-02 6.732746e-05 1.00e+00
648 26 1.0000 0.8620 3.198550e-02 7.311670e-05 1.00e+00
648 26 1.0000 0.8640 3.630554e-02 7.667510e-05 1.00e+00
648 26 1.0000 0.8660 4.084801e-02 7.446519e-05 1.02e+00
648 26 1.0000 0.8670 4.325946e-02 6.872992e-05 1.00e+00
648 26 1.0000 0.8676 4.469888e-02 6.911038e-05 1.00e+00
648 26 1.0000 0.8680 4.574286e-02 7.938871e-05 1.00e+00
648 26 1.0000 0.8700 5.077158e-02 8.479219e-05 1.00e+00
648 26 1.0000 0.8720 5.582200e-02 7.803391e-05 1.00e+00
648 26 1.0000 0.8740 6.106581e-02 7.895944e-05 1.00e+00
648 26 1.0000 0.8760 6.609060e-02 7.649482e-05 1.11e+00
648 26 1.0000 0.8780 7.111313e-02 6.887241e-05 1.11e+00
648 26 1.0000 0.8800 7.614847e-02 7.235474e-05 1.00e+00
1152 34 1.0000 0.8600 1.725605e-02 4.745923e-05 1.00e+00
1152 34 1.0000 0.8620 2.086914e-02 5.514409e-05 1.00e+00
1152 34 1.0000 0.8640 2.490629e-02 5.722451e-05 1.00e+00
1152 34 1.0000 0.8660 2.961696e-02 6.069787e-05 1.05e+00
1152 34 1.0000 0.8670 3.215762e-02 7.654757e-05 1.00e+00
1152 34 1.0000 0.8676 3.364070e-02 4.950187e-05 1.15e+00
1152 34 1.0000 0.8680 3.456451e-02 6.025045e-05 1.00e+00
1152 34 1.0000 0.8700 3.994001e-02 6.245393e-05 1.00e+00
1152 34 1.0000 0.8720 4.529382e-02 5.788177e-05 1.00e+00
1152 34 1.0000 0.8740 5.091458e-02 5.582392e-05 1.00e+00
1152 34 1.0000 0.8760 5.624749e-02 5.718327e-05 1.00e+00
1152 34 1.0000 0.8780 6.160878e-02 5.903949e-05 1.14e+00
1152 34 1.0000 0.8800 6.696015e-02 6.414713e-05 1.15e+00
1800 42 1.0000 0.8600 1.054522e-02 3.860542e-05 1.17e+00
1800 42 1.0000 0.8620 1.353304e-02 4.507923e-05 1.00e+00
1800 42 1.0000 0.8640 1.745269e-02 4.702069e-05 1.14e+00
1800 42 1.0000 0.8660 2.225940e-02 5.293214e-05 1.00e+00
1800 42 1.0000 0.8670 2.487327e-02 6.513377e-05 1.00e+00
1800 42 1.0000 0.8676 2.662812e-02 4.139588e-05 1.00e+00
1800 42 1.0000 0.8680 2.769324e-02 5.561865e-05 1.08e+00
1800 42 1.0000 0.8700 3.362697e-02 5.250124e-05 1.00e+00
1800 42 1.0000 0.8720 3.957276e-02 5.131756e-05 1.09e+00
1800 42 1.0000 0.8740 4.556347e-02 4.531271e-05 1.00e+00
1800 42 1.0000 0.8760 5.138363e-02 4.924262e-05 1.00e+00
1800 42 1.0000 0.8780 5.695094e-02 5.508721e-05 1.00e+00
1800 42 1.0000 0.8800 6.247341e-02 6.027290e-05 1.18e+00
2592 50 1.0000 0.8600 6.955581e-03 1.136459e-05 1.00e+00
2592 50 1.0000 0.8620 9.392627e-03 1.822946e-05 1.01e+00
2592 50 1.0000 0.8640 1.298664e-02 2.374455e-05 1.06e+00
2592 50 1.0000 0.8660 1.773886e-02 2.933548e-05 1.07e+00
2592 50 1.0000 0.8670 2.037689e-02 3.726691e-05 1.00e+00
2592 50 1.0000 0.8676 2.216821e-02 3.827673e-05 1.00e+00
2592 50 1.0000 0.8680 2.333304e-02 3.117996e-05 1.00e+00
2592 50 1.0000 0.8700 2.954914e-02 3.037399e-05 1.00e+00
2592 50 1.0000 0.8720 3.573424e-02 3.169714e-05 1.00e+00
2592 50 1.0000 0.8740 4.198383e-02 2.946368e-05 1.00e+00
2592 50 1.0000 0.8760 4.793064e-02 2.751480e-05 1.01e+00
2592 50 1.0000 0.8780 5.365821e-02 2.762618e-05 1.00e+00
2592 50 1.0000 0.8800 5.923762e-02 2.630472e-05 1.00e+00
