288 12 1.0000 0.8674 6.116404e-01 1.792020e-04 1.00e+00
288 12 1.0000 0.8676 6.121368e-01 1.705623e-04 1.02e+00
288 12 1.0000 0.8678 6.123133e-01 2.040747e-04 1.02e+00
288 12 1.0000 0.8680 6.133324e-01 2.035070e-04 1.00e+00
288 12 1.0000 0.8682 6.135558e-01 1.993033e-04 1.00e+00
288 14 1.0000 0.8674 6.169679e-01 1.706843e-04 1.01e+00
288 14 1.0000 0.8676 6.172486e-01 1.712143e-04 1.00e+00
288 14 1.0000 0.8678 6.176881e-01 1.867537e-04 1.00e+00
288 14 1.0000 0.8680 6.181439e-01 1.825653e-04 1.00e+00
288 14 1.0000 0.8682 6.185339e-01 1.907488e-04 1.03e+00
288 16 1.0000 0.8674 6.198464e-01 1.590975e-04 1.03e+00
288 16 1.0000 0.8676 6.200821e-01 1.624989e-04 1.00e+00
288 16 1.0000 0.8678 6.207184e-01 1.793433e-04 1.03e+00
288 16 1.0000 0.8680 6.210755e-01 1.751641e-04 1.23e+00
288 16 1.0000 0.8682 6.214248e-01 1.749419e-04 1.00e+00
288 18 1.0000 0.8674 6.215391e-01 1.504463e-04 1.02e+00
288 18 1.0000 0.8676 6.219801e-01 1.536457e-04 1.00e+00
288 18 1.0000 0.8678 6.225851e-01 1.679346e-04 1.04e+00
288 18 1.0000 0.8680 6.226054e-01 1.806705e-04 1.07e+00
288 18 1.0000 0.8682 6.235289e-01 1.691229e-04 1.14e+00
288 20 1.0000 0.8674 6.225776e-01 1.556719e-04 1.00e+00
288 20 1.0000 0.8676 6.229486e-01 1.531138e-04 1.00e+00
288 20 1.0000 0.8678 6.236758e-01 1.698772e-04 1.05e+00
288 20 1.0000 0.8680 6.239934e-01 1.672247e-04 1.00e+00
288 20 1.0000 0.8682 6.243189e-01 1.630311e-04 1.00e+00
288 22 1.0000 0.8674 6.231067e-01 1.485479e-04 1.00e+00
288 22 1.0000 0.8676 6.233750e-01 1.494488e-04 1.00e+00
288 22 1.0000 0.8678 6.239989e-01 1.596294e-04 1.00e+00
288 22 1.0000 0.8680 6.239424e-01 1.679512e-04 1.00e+00
288 22 1.0000 0.8682 6.245983e-01 1.667488e-04 1.03e+00
288 24 1.0000 0.8674 6.228661e-01 1.532623e-04 1.04e+00
288 24 1.0000 0.8676 6.234745e-01 1.480552e-04 1.00e+00
288 24 1.0000 0.8678 6.238799e-01 1.703923e-04 1.06e+00
288 24 1.0000 0.8680 6.244307e-01 1.707283e-04 1.00e+00
288 24 1.0000 0.8682 6.249534e-01 1.649820e-04 1.03e+00
288 26 1.0000 0.8674 6.228041e-01 1.506285e-04 1.10e+00
288 26 1.0000 0.8676 6.230715e-01 1.552481e-04 1.00e+00
288 26 1.0000 0.8678 6.237284e-01 1.696245e-04 1.03e+00
288 26 1.0000 0.8680 6.241956e-01 1.690516e-04 1.00e+00
288 26 1.0000 0.8682 6.248242e-01 1.593302e-04 1.00e+00
288 28 1.0000 0.8674 6.216749e-01 1.554591e-04 1.00e+00
288 28 1.0000 0.8676 6.224648e-01 1.484523e-04 1.00e+00
288 28 1.0000 0.8678 6.231670e-01 1.643022e-04 1.18e+00
288 28 1.0000 0.8680 6.235757e-01 1.800700e-04 1.04e+00
288 28 1.0000 0.8682 6.239205e-01 1.648538e-04 1.06e+00
288 30 1.0000 0.8674 6.211389e-01 1.594754e-04 1.00e+00
288 30 1.0000 0.8676 6.218474e-01 1.610257e-04 1.03e+00
288 30 1.0000 0.8678 6.223304e-01 1.717614e-04 1.00e+00
288 30 1.0000 0.8680 6.226359e-01 1.684964e-04 1.00e+00
288 30 1.0000 0.8682 6.234356e-01 1.711124e-04 1.00e+00
288 32 1.0000 0.8674 6.202139e-01 1.622112e-04 1.00e+00
288 32 1.0000 0.8676 6.210374e-01 1.566386e-04 1.00e+00
288 32 1.0000 0.8678 6.212024e-01 1.764793e-04 1.05e+00
288 32 1.0000 0.8680 6.219667e-01 1.774298e-04 1.01e+00
288 32 1.0000 0.8682 6.224821e-01 1.722522e-04 1.00e+00
288 34 1.0000 0.8674 6.187024e-01 1.635209e-04 1.05e+00
288 34 1.0000 0.8676 6.194749e-01 1.678901e-04 1.20e+00
288 34 1.0000 0.8678 6.203560e-01 1.828114e-04 1.02e+00
288 34 1.0000 0.8680 6.207694e-01 1.814837e-04 1.00e+00
288 34 1.0000 0.8682 6.214072e-01 1.791925e-04 1.05e+00
288 36 1.0000 0.8674 6.175286e-01 1.745536e-04 1.01e+00
288 36 1.0000 0.8676 6.180005e-01 1.663732e-04 1.13e+00
288 36 1.0000 0.8678 6.192954e-01 1.827937e-04 1.00e+00
288 36 1.0000 0.8680 6.190735e-01 1.869418e-04 1.00e+00
288 36 1.0000 0.8682 6.200272e-01 1.780856e-04 1.01e+00
288 38 1.0000 0.8674 6.160279e-01 1.784421e-04 1.05e+00
288 38 1.0000 0.8676 6.167320e-01 1.724514e-04 1.10e+00
288 38 1.0000 0.8678 6.168767e-01 1.870530e-04 1.00e+00
288 38 1.0000 0.8680 6.177296e-01 1.932535e-04 1.00e+00
288 38 1.0000 0.8682 6.188352e-01 1.817433e-04 1.00e+00
288 40 1.0000 0.8674 6.145620e-01 1.755924e-04 1.00e+00
288 40 1.0000 0.8676 6.150621e-01 1.788624e-04 1.00e+00
288 40 1.0000 0.8678 6.153272e-01 1.915902e-04 1.00e+00
288 40 1.0000 0.8680 6.162593e-01 1.938073e-04 1.00e+00
288 40 1.0000 0.8682 6.171096e-01 1.963646e-04 1.00e+00
648 16 1.0000 0.8674 6.040161e-01 2.220884e-04 1.01e+00
648 16 1.0000 0.8676 6.043671e-01 2.348642e-04 1.01e+00
648 16 1.0000 0.8678 6.051170e-01 3.770547e-04 1.09e+00
648 16 1.0000 0.8680 6.059905e-01 3.561460e-04 1.00e+00
648 16 1.0000 0.8682 6.068409e-01 3.832816e-04 1.00e+00
648 20 1.0000 0.8674 6.127015e-01 2.071917e-04 1.04e+00
648 20 1.0000 0.8676 6.138284e-01 1.907398e-04 1.00e+00
648 20 1.0000 0.8678 6.144031e-01 3.208106e-04 1.00e+00
648 20 1.0000 0.8680 6.153436e-01 3.386475e-04 1.08e+00
648 20 1.0000 0.8682 6.158661e-01 3.527824e-04 1.00e+00
648 24 1.0000 0.8674 6.178998e-01 1.881909e-04 1.02e+00
648 24 1.0000 0.8676 6.186220e-01 1.865945e-04 1.00e+00
648 24 1.0000 0.8678 6.197659e-01 2.966117e-04 1.00e+00
648 24 1.0000 0.8680 6.207428e-01 2.966095e-04 1.14e+00
648 24 1.0000 0.8682 6.212070e-01 3.147308e-04 1.00e+00
648 28 1.0000 0.8674 6.199301e-01 1.823774e-04 1.04e+00
648 28 1.0000 0.8676 6.209353e-01 1.849254e-04 1.00e+00
648 28 1.0000 0.8678 6.212251e-01 2.981139e-04 1.00e+00
648 28 1.0000 0.8680 6.227092e-01 2.782615e-04 1.00e+00
648 28 1.0000 0.8682 6.234278e-01 2.605416e-04 1.01e+00
648 32 1.0000 0.8674 6.209474e-01 1.846437e-04 1.07e+00
