Nc,eta,chi_eta
2000,0.005,0.43561816739992754
2000,0.0058823529411764705,0.4322610528002938
2000,0.006764705882352941,0.42929579500859466
2000,0.007647058823529411,0.42665800734891945
2000,0.008529411764705883,0.4242910466819714
2000,0.009411764705882352,0.4221471027923262
2000,0.010294117647058823,0.42018675700675095
2000,0.011176470588235295,0.41837791409314357
2000,0.012058823529411764,0.41669459102350287
2000,0.012941176470588234,0.41511578301824525
2000,0.013823529411764707,0.4136244874878617
2000,0.014705882352941176,0.412206899625028
2000,0.015588235294117646,0.4108517650856682
2000,0.016470588235294115,0.4095498658023907
2000,0.01735294117647059,0.40829361416985377
2000,0.018235294117647058,0.40707673348240997
2000,0.019117647058823527,0.4058940061588104
2000,0.02,0.40474107489134775
3000,0.005,0.43562651784727824
3000,0.0058823529411764705,0.4322633353288233
3000,0.006764705882352941,0.4292964213927841
3000,0.007647058823529411,0.42665817872335465
3000,0.008529411764705883,0.4242910930768864
3000,0.009411764705882352,0.4221471151023596
3000,0.010294117647058823,0.4201867601623531
3000,0.011176470588235295,0.41837791485499676
3000,0.012058823529411764,0.41669459118726576
3000,0.012941176470588234,0.4151157830443857
3000,0.013823529411764707,0.413624487487489
3000,0.014705882352941176,0.41220689962196844
3000,0.015588235294117646,0.4108517650836904
3000,0.016470588235294115,0.40954986580141617
3000,0.01735294117647059,0.4082936141694242
3000,0.018235294117647058,0.40707673348223183
3000,0.019117647058823527,0.405894006158739
3000,0.02,0.4047410748913199
4000,0.005,0.43562543002454834
4000,0.0058823529411764705,0.4322631297721004
4000,0.006764705882352941,0.429296381735777
4000,0.007647058823529411,0.42665817094652736
4000,0.008529411764705883,0.4242910915318516
4000,0.009411764705882352,0.42214711479217165
4000,0.010294117647058823,0.4201867600995457
4000,0.011176470588235295,0.41837791484219017
4000,0.012058823529411764,0.41669459118463925
4000,0.012941176470588234,0.4151157830438444
4000,0.013823529411764707,0.41362448748737696
4000,0.014705882352941176,0.4122068996219453
4000,0.015588235294117646,0.41085176508368565
4000,0.016470588235294115,0.4095498658014153
4000,0.01735294117647059,0.4082936141694241
4000,0.018235294117647058,0.40707673348223183
4000,0.019117647058823527,0.40589400615873905
4000,0.02,0.40474107489131983
6000,0.005,0.4356254027398312
6000,0.0058823529411764705,0.43226312658059707
6000,0.006764705882352941,0.4292963813621734
6000,0.007647058823529411,0.42665817090268876
6000,0.008529411764705883,0.4242910915266911
6000,0.009411764705882352,0.422147114791562
6000,0.010294117647058823,0.4201867600994733
6000,0.011176470588235295,0.41837791484218145
6000,0.012058823529411764,0.4166945911846383
6000,0.012941176470588234,0.41511578304384417
6000,0.013823529411764707,0.41362448748737696
6000,0.014705882352941176,0.4122068996219453
6000,0.015588235294117646,0.4108517650836856
6000,0.016470588235294115,0.40954986580141517
6000,0.01735294117647059,0.40829361416942417
6000,0.018235294117647058,0.40707673348223183
6000,0.019117647058823527,0.40589400615873905
6000,0.02,0.40474107489131983
8000,0.005,0.43562540265987737
8000,0.0058823529411764705,0.4322631265771445
8000,0.006764705882352941,0.42929638136202414
8000,0.007647058823529411,0.4266581709026823
8000,0.008529411764705883,0.4242910915266907
8000,0.009411764705882352,0.4221471147915619
8000,0.010294117647058823,0.42018676009947326
8000,0.011176470588235295,0.4183779148421815
8000,0.012058823529411764,0.4166945911846383
8000,0.012941176470588234,0.41511578304384417
8000,0.013823529411764707,0.41362448748737685
8000,0.014705882352941176,0.4122068996219453
8000,0.015588235294117646,0.41085176508368565
8000,0.016470588235294115,0.40954986580141517
8000,0.01735294117647059,0.4082936141694241
8000,0.018235294117647058,0.40707673348223194
8000,0.019117647058823527,0.40589400615873905
8000,0.02,0.40474107489131983
10000,0.005,0.43562540265993566
10000,0.0058823529411764705,0.4322631265771456
10000,0.006764705882352941,0.4292963813620243
10000,0.007647058823529411,0.42665817090268243
10000,0.008529411764705883,0.4242910915266906
10000,0.009411764705882352,0.42214711479156203
10000,0.010294117647058823,0.4201867600994733
10000,0.011176470588235295,0.4183779148421814
10000,0.012058823529411764,0.4166945911846381
10000,0.012941176470588234,0.4151157830438442
10000,0.013823529411764707,0.41362448748737696
10000,0.014705882352941176,0.4122068996219453
10000,0.015588235294117646,0.4108517650836857
10000,0.016470588235294115,0.40954986580141517
10000,0.01735294117647059,0.4082936141694241
10000,0.018235294117647058,0.40707673348223183
10000,0.019117647058823527,0.4058940061587391
10000,0.02,0.40474107489132005
12000,0.005,0.4356254026599361
12000,0.0058823529411764705,0.4322631265771455
12000,0.006764705882352941,0.42929638136202436
12000,0.007647058823529411,0.4266581709026823
12000,0.008529411764705883,0.42429109152669076
12000,0.009411764705882352,0.4221471147915619
12000,0.010294117647058823,0.4201867600994734
12000,0.011176470588235295,0.4183779148421814
12000,0.012058823529411764,0.4166945911846381
12000,0.012941176470588234,0.41511578304384417
12000,0.013823529411764707,0.41362448748737696
12000,0.014705882352941176,0.4122068996219453
12000,0.015588235294117646,0.41085176508368587
12000,0.016470588235294115,0.40954986580141506
12000,0.01735294117647059,0.40829361416942406
12000,0.018235294117647058,0.40707673348223194
12000,0.019117647058823527,0.4058940061587393
12000,0.02,0.40474107489132005
14000,0.005,0.435625402659936
14000,0.0058823529411764705,0.4322631265771454
14000,0.006764705882352941,0.42929638136202425
14000,0.007647058823529411,0.42665817090268227
14000,0.008529411764705883,0.4242910915266908
14000,0.009411764705882352,0.42214711479156186
14000,0.010294117647058823,0.42018676009947337
14000,0.011176470588235295,0.41837791484218134
14000,0.012058823529411764,0.41669459118463803
14000,0.012941176470588234,0.4151157830438442
14000,0.013823529411764707,0.4136244874873769
14000,0.014705882352941176,0.41220689962194534
14000,0.015588235294117646,0.4108517650836858
14000,0.016470588235294115,0.40954986580141517
14000,0.01735294117647059,0.40829361416942417
14000,0.018235294117647058,0.4070767334822318
14000,0.019117647058823527,0.4058940061587393
14000,0.02,0.40474107489132005

Nc,eta_to_0_extrapolated
2000,0.4430644154071567
3000,0.443076556444613
4000,0.4430750623868188
6000,0.4430750265816998
8000,0.4430750248083431
10000,0.4430750245013497
12000,0.44307502379240404
14000,0.4430750241867451
